50[57245.70139348 46465.01168766 42862.53478538 41000.8671392
 39589.69905412 38484.82203899 37619.08919984 36732.21186141
 35984.99968388 35314.59222714 34650.17678125 34064.81979982
 33719.17714712 33303.61756477 32937.37344843 32758.91918859
 32626.80065005 32524.36077896 32432.49943989 32332.62381556]70[63719.99508281 51598.21416716 45143.11437384 41528.00693562
 38995.6604681  36946.74016781 35456.81324182 34448.57141944
 33557.80051647 32762.06874234 31958.15726196 31163.35756564
 30527.59575758 29988.00793519 29425.76283722 28864.87449581
 28363.33561606 27922.63222955 27559.75853507 27306.25847129]90[60079.07093053 47656.9762209  43638.45014388 40622.95980534
 38531.50450731 37037.30127144 35800.85102248 34885.85474726
 34146.332165   33439.33997862 32902.75665165 32226.83701212
 31568.13708316 30888.31823193 30216.50764177 29847.84869522
 29530.37511105 29177.13525044 28802.70507279 28383.7246462 ]110[48467.28780569 36798.05188539 33045.42660625 30661.76534536
 28749.08437069 27026.53216273 25847.3935268  25045.24526444
 24186.3080845  23707.41024485 23281.54983569 22769.98681647
 22336.56493871 21945.22754005 21644.41711414 21350.89066413
 21089.38210379 20829.20206045 20630.84679712 20459.79345614]130[50653.86444807 41797.7981248  38664.51164003 36657.89781988
 35039.05614992 33834.84796831 32713.20661013 31856.61169787
 31059.57217882 30059.62472285 29064.17195925 28235.32183998
 27580.22666075 26967.18847053 26333.27480697 25845.74274718
 25519.81415797 25186.94305908 24803.68247633 24511.13977244]150[26792.00748805 22022.54114073 20169.49268134 19166.12822345
 18552.21644148 18190.60010293 17900.50650569 17616.15096972
 17387.1336859  17210.27823809 17130.78535194 17005.60508632
 16836.8064819  16651.22622361 16437.15561332 16300.19815385
 16208.02925031 16122.86620925 16040.69728518 15964.27621131]170[39832.57991593 32729.5203188  30279.7070684  28476.78125553
 26956.62420207 25745.3989898  24977.88308068 24215.59060069
 23640.3344042  23229.68039312 22854.26397899 22608.72072658
 22419.88536286 22195.35388912 22014.79354188 21852.02055718
 21690.0494698  21502.84871475 21359.04749132 21181.61340077]190[26171.6509079  22311.22882903 20101.36628163 18749.35143439
 17899.86215609 17232.96941286 16723.39874651 16286.17869966
 15871.79886454 15617.24144579 15369.63139718 15161.48152691
 14918.90266648 14723.95489229 14546.25070851 14273.50360441
 14004.68663804 13735.11379081 13464.67323601 13298.84163177]210[28547.67542329 23870.25822022 22284.48935612 21350.71158853
 20741.98248853 20134.14101905 19707.57176069 19299.98219306
 18869.52484167 18504.77175781 18269.64293178 18097.38185249
 17789.60276062 17428.58931537 17174.06413299 17006.09634889
 16832.87561435 16668.16628876 16511.47872121 16367.20700176]230[23176.29208108 19286.60817107 17818.4484534  16924.84317932
 16343.4067438  15898.56635568 15558.40474568 15229.60708719
 14995.52245685 14826.16505178 14633.51611563 14358.66667648
 14113.94532411 13957.16474669 13781.18043763 13610.88311507
 13470.27473529 13336.164725   13227.80363585 13124.39570424]250[16258.00476927 13415.79402827 12379.13651489 11669.43470617
 11260.39936362 10962.08918714 10675.06033045 10445.08595614
 10206.08675718 10010.23987973  9851.36164302  9702.58759854
  9594.38369119  9503.01081061  9397.35525567  9297.32255038
  9229.16374322  9161.85423185  9104.01100989  9054.34174326]270[25965.28234703 22386.83329019 21407.06067005 20776.96765118
 20219.67173312 19638.28248004 19064.46729664 18633.2912272
 18139.98592874 17818.27191354 17481.91918747 17198.4287789
 17003.4138784  16894.02545737 16763.28933534 16589.03741635
 16380.09694549 16203.19702636 16092.16984402 15994.05059805]290[24247.06259256 21590.74607245 20265.54031367 19299.48725085
 18568.44557251 17920.30608892 17400.68821725 17011.05471811
 16646.02772228 16260.94380711 15970.46986439 15734.87445154
 15471.20862909 15240.32440891 15016.97105657 14753.00820596
 14535.26400617 14326.63763363 14147.08055879 13978.92713789]